p/0.jpg 1 36 9 142 132
p/1.jpg 1 9 7 181 177
p/10.jpg 1 4 4 192 190
p/100.jpg 1 17 17 156 170
p/101.jpg 1 10 15 167 151
p/102.jpg 1 18 11 176 171
p/104.jpg 1 5 11 192 178
p/105.jpg 1 25 35 98 145
p/106.jpg 1 23 36 151 133
p/107.jpg 1 48 79 102 64
p/108.jpg 1 90 52 31 82
p/109.jpg 1 19 33 138 127
p/11.jpg 1 22 46 153 142
p/110.jpg 1 14 9 166 181
p/111.jpg 1 6 20 173 168
p/112.jpg 1 70 0 50 139
p/113.jpg 1 5 42 191 137
p/114.jpg 1 11 31 169 136
p/115.jpg 1 45 49 72 52
p/116.jpg 1 2 13 196 181
p/117.jpg 1 36 93 105 86
p/118.jpg 1 6 9 189 186
p/119.jpg 1 31 36 120 129
p/12.jpg 5 60 10 67 35 39 61 138 44 81 45 93 88 162 45 12 24 99 69 63 129
p/120.jpg 1 4 0 179 180
p/122.jpg 16 61 75 66 73 86 141 14 47 9 129 32 47 2 86 51 31 50 96 33 44 64 23 33 81 111 120 38 79 166 140 33 58 148 26 27 45 165 1 18 59 184 33 15 36 117 38 33 32 103 22 36 48 124 73 32 40 163 87 27 11 166 101 20 27
p/123.jpg 1 17 33 161 132
p/124.jpg 1 10 55 185 77
p/125.jpg 1 12 33 177 119
p/126.jpg 1 19 7 162 186
p/127.jpg 11 18 63 33 8 26 42 33 12 55 36 26 30 51 15 39 12 80 24 23 30 126 34 44 15 5 111 36 21 46 108 38 26 88 90 38 24 136 72 17 46 148 93 39 15
p/128.jpg 1 37 20 125 162
p/13.jpg 1 64 46 49 86
p/130.jpg 1 52 68 84 77
p/131.jpg 1 1 0 192 196
p/133.jpg 1 12 60 177 91
p/134.jpg 1 71 64 44 62
p/135.jpg 1 41 23 142 151
p/136.jpg 1 16 22 172 138
p/137.jpg 1 7 47 188 92
p/138.jpg 1 11 46 176 107
p/139.jpg 1 2 7 194 188
p/14.jpg 1 3 4 193 193
p/140.jpg 1 51 79 80 31
p/142.jpg 1 3 6 192 186
p/143.jpg 1 26 35 162 141
p/144.jpg 1 29 15 169 162
p/145.jpg 1 3 4 192 191
p/146.jpg 1 32 72 151 59
p/147.jpg 1 14 57 73 61
p/148.jpg 1 34 5 123 175
p/149.jpg 1 32 30 102 133
p/15.jpg 1 44 55 94 73
p/151.jpg 1 43 21 131 153
p/16.jpg 1 4 7 193 188
p/17.jpg 1 6 48 180 92
p/18.jpg 1 12 15 159 175
p/19.jpg 2 27 21 103 156 149 2 49 76
p/2.jpg 1 6 2 181 191
p/21.jpg 1 11 10 180 163
p/22.jpg 1 24 17 141 177
p/23.jpg 1 57 10 110 182
p/24.jpg 1 18 57 157 84
p/25.jpg 1 12 19 177 161
p/26.jpg 1 14 37 162 136
p/27.jpg 1 36 47 152 98
p/28.jpg 1 11 52 178 123
p/29.jpg 1 3 3 195 193
p/3.jpg 1 8 63 187 88
p/30.jpg 1 0 9 196 182
p/31.jpg 1 23 2 131 109
p/32.jpg 1 56 17 101 159
p/33.jpg 1 24 4 140 146
p/34.jpg 1 78 48 50 119
p/35.jpg 1 10 50 184 121
p/37.jpg 1 15 32 144 154
p/38.jpg 1 30 8 155 176
p/39.jpg 1 30 50 150 70
p/4.jpg 1 18 0 166 192
p/40.jpg 1 4 31 158 166
p/41.jpg 1 29 45 143 141
p/42.jpg 1 4 2 188 171
p/43.jpg 1 15 15 179 177
p/44.jpg 1 21 17 168 175
p/45.jpg 1 41 11 136 154
p/46.jpg 1 22 21 168 162
p/47.jpg 3 56 129 49 55 14 42 39 74 161 63 30 116
p/48.jpg 1 30 39 140 93
p/49.jpg 1 19 7 155 191
p/5.jpg 1 35 51 110 86
p/50.jpg 1 47 23 108 136
p/51.jpg 1 31 25 125 157
p/52.jpg 1 44 83 119 45
p/54.jpg 1 33 54 113 82
p/55.jpg 1 5 5 189 187
p/56.jpg 1 24 33 161 152
p/57.jpg 1 0 14 188 177
p/58.jpg 1 2 11 177 185
p/59.jpg 1 70 1 62 179
p/6.jpg 1 24 56 154 49
p/60.jpg 1 3 22 193 164
p/61.jpg 1 2 22 166 168
p/65.jpg 1 32 32 156 153
p/66.jpg 1 28 17 128 156
p/67.jpg 1 99 58 60 70
p/68.jpg 1 49 58 130 129
p/69.jpg 1 6 8 183 165
p/7.jpg 1 46 38 148 71
p/70.jpg 1 45 44 108 93
p/71.jpg 1 1 74 174 66
p/72.jpg 1 30 55 158 117
p/73.jpg 1 18 27 173 155
p/74.jpg 1 71 35 77 122
p/75.jpg 1 12 14 179 159
p/76.jpg 2 122 93 76 106 28 73 98 71
p/77.jpg 1 2 38 174 148
p/78.jpg 1 9 25 166 169
p/79.jpg 1 5 38 189 141
p/8.jpg 1 16 11 167 167
p/80.jpg 1 58 44 119 68
p/82.jpg 1 1 5 196 192
p/83.jpg 1 72 43 48 88
p/84.jpg 1 30 26 139 137
p/85.jpg 1 3 2 192 192
p/86.jpg 1 3 13 190 159
p/87.jpg 1 3 41 194 117
p/88.jpg 1 67 61 66 61
p/89.jpg 1 6 19 186 157
p/9.jpg 1 2 1 194 148
p/90.jpg 1 22 26 165 119
p/91.jpg 2 124 103 53 88 58 80 68 46
p/93.jpg 1 25 35 158 144
p/94.jpg 6 41 36 29 49 53 97 63 7 26 95 25 49 43 113 65 48 137 117 60 25 147 94 35 21
p/96.jpg 1 6 5 190 161
p/97.jpg 1 42 79 128 79
p/98.jpg 1 6 34 185 102
p/99.jpg 1 23 28 138 149